-6 0.935947535888104 0.00401947726148259 0.301194211912202
-5.95199314187741 0.936730534967012 0.00421701511423842 0.316006295894347
-5.90198599799971 0.937586997185713 0.00443310666770217 0.332210658410412
-5.85197885412202 0.938487224701579 0.00466026322061228 0.349245958056414
-5.80197171024432 0.939433445705129 0.00489905050418291 0.367154804130509
-5.75196456636662 0.940428000964166 0.00515006308475962 0.385981990876291
-5.70195742248893 0.941473349422406 0.00541392582414446 0.405774609523748
-5.65195027861123 0.942572074069226 0.00569129541289308 0.42658216607552
-5.60194313473353 0.94372688808253 0.00598286198012685 0.448456705133082
-5.55193599085584 0.944940641270486 0.00628935078356422 0.471452940072547
-5.50192884697814 0.94621632681835 0.00661152398364248 0.49562838989572
-5.45192170310044 0.947557088351925 0.00695018250577513 0.521043523098665
-5.40191455922275 0.948966227332537 0.00730616799496934 0.547761908917667
-5.35190741534505 0.950447210804617 0.00768036486721473 0.575850376330865
-5.30190027146735 0.952003679496771 0.00807370246224715 0.605379181213278
-5.25189312758966 0.953639456301669 0.00848715730249048 0.636422182063295
-5.20188598371196 0.955358555148944 0.008921755463185 0.669057024740186
-5.15187883983426 0.957165190280218 0.00937857505892331 0.703365336674689
-5.10187169595657 0.959063785947345 0.0098587488520327 0.739432931038447
-5.05186455207887 0.961058986549856 0.0103634669884682 0.77735002138297
-5.00185740820117 0.963155667228266 0.0108939798671105 0.817211447284979
-4.95185026432347 0.965358944926553 0.0114516011486012 0.859116911562539
-4.90184312044578 0.967674189941592 0.0120377109100864 0.903171229655291
-4.85183597656808 0.970107037980839 0.0126537589524922 0.94948459179257
-4.80182883269038 0.972663402744267 0.0133012682672025 0.998172838605125
-4.75182168881269 0.975349489039656 0.0139818386692694 1.04935775086983
-4.70181454493499 0.978171806458539 0.0146971506045447 1.10316735411212
-4.65180740105729 0.981137183625913 0.0154489691383843 1.15973623882794
-4.6018002571796 0.984252783036155 0.0162391481338414 1.21920589712636
-4.5517931133019 0.987526116500215 0.0170696346275323 1.28172507663462
-4.5017859694242 0.990965061209881 0.0179424734116208 1.34745015255103
-4.45177882554651 0.994577876441527 0.0188598118306355 1.41654551877616
-4.40177168166881 0.998373220906457 0.0198239048020925 1.48918399910071
-4.35176453779111 1.00236017077382 0.0208371200701559 1.56554727947858
-4.30175739391342 1.00654823835544 0.021901943701816 1.6458263624662
-4.25175025003572 1.01094739148699 0.0230209858353108 1.73022204496493
-4.20174310615802 1.01556807360237 0.0241969866907448 1.81894542046145
-4.15173596228033 1.02042122450041 0.0254328228530776 1.91221840702229
-4.10172881840263 1.02551830182196 0.0267315138378575 2.0102743023632
-4.05172167452493 1.03087130323121 0.0280962289502548 2.11335836738168
-4.00171453064724 1.03649278930051 0.0295302944481093 2.22172843961234
-3.95170738676954 1.04239590709132 0.0310372010198364 2.33565557813925
-3.90170024289184 1.04859441442384 0.0326206115881357 2.45542474157862
-3.85169309901414 1.05510270482156 0.0342843694505074 2.58133550082741
-3.80168595513645 1.06193583310654 0.0360325067676038 2.71370278836077
-3.75167881125875 1.06910954162998 0.0378692534104137 2.85285768595229
-3.70167166738105 1.07664028709631 0.0397990461771959 2.99914825278762
-3.65166452350336 1.08454526794999 0.0418265383909355 3.15294039604239
-3.60165737962566 1.09284245227137 0.0439566098878835 3.31461878610238
-3.55165023574796 1.1015506061367 0.0461943774074506 3.4845878187147
-3.50164309187027 1.11068932236802 0.0485452053933505 3.66327262647688
-3.45163594799257 1.12027904960388 0.0510147172154174 3.85112014219365
-3.40162880411487 1.13034112160393 0.0536088068209408 4.04860021676119
-3.35162166023718 1.1408977866898 0.0563336508236714 4.25620679437492
-3.30161451635948 1.15197223720132 0.0591957210378181 4.47445914800034
-3.25160737248178 1.16358863885857 0.0622017974633968 4.70390317819702
-3.20160022860409 1.17577215987419 0.0653589817281604 4.94511277854455
-3.15159308472639 1.18854899965282 0.0686747109900469 5.19869127108558
-3.10158594084869 1.20194641691884 0.0721567723025997 5.46527291537643
-3.051578796971 1.21599275705941 0.0758133174441264 5.74552449491966
-3.0015716530933 1.23071747846581 0.0796528782094557 6.04014698494669
-2.9515645092156 1.24615117763893 0.0836843821610036 6.34987730572207
-2.90155736533791 1.26232561279904 0.0879171688334552 6.67549016575465
-2.85155022146021 1.27927372569969 0.0923610063836756 7.01779999952608
-2.80154307758251 1.29702966134615 0.0970261086744823 7.37766300458337
-2.75153593370481 1.31562878527225 0.101923152777589 7.7559792830907
-2.70152878982712 1.33510769800793 0.107063296877374 8.15369509319695
-2.65152164594942 1.35550424635023 0.112458198553093 8.57180521585034
-2.60151450207172 1.37685753100203 0.118120033412713 9.01135544297992
-2.55150735819403 1.39920791014281 0.124061514046705 9.47344519326765
-2.50150021431633 1.42259699843694 0.130295909264788 9.95923026205347
-2.45149307043863 1.44706766097524 0.136837063572868 10.4699257122518
-2.40148592656094 1.47266400162605 0.143699416841064 11.0068089135104
-2.35147878268324 1.49943134521058 0.150898024106901 11.5712227372122
-2.30147163880554 1.52741621294683 0.158448575450301 12.1645789153138
-2.25146449492785 1.55666629053619 0.16636741586898 12.7883615714193
-2.20145735105015 1.58723038827713 0.174671565074167 13.4441309329231
-2.15145020717245 1.61915839258397 0.183378737117219 14.1335272335062
-2.10144306329476 1.65250120824867 0.192507359747584 14.8582748157474
-2.05143591941706 1.68731069082129 0.202076593391729 15.62018644411
-2.00142877553936 1.72363956846877 0.212106349630977 16.4211678390931
-1.95142163166167 1.7615413526908 0.222617309043654 17.2632224438874
-1.90141448778397 1.80107023730325 0.233630938263488 18.1484564354587
-1.85140734390627 1.84228098513328 0.24516950609179 19.0790839925929
-1.80140020002858 1.88522880191644 0.257256098485434 20.0574328340787
-1.75139305615088 1.92996919695854 0.269914632226089 21.0859500408805
-1.70138591227318 1.97655783019934 0.283169867058327 22.167208176865
-1.65137876839549 2.02505034540557 0.297047416065159 23.303911723389
-1.60137162451779 2.07550218934593 0.311573754029093 24.4989038438448
-1.55136448064009 2.1279684169313 0.326776223504792 25.7551734950818
-1.50135733676239 2.18250348244475 0.342683038305887 27.0758629034916
-1.4513501928847 2.23916101717347 0.35932328408313 28.4642754244566
-1.401343049007 2.29799359393712 0.376726915643916 29.9238838048201
-1.3513359051293 2.35905247923562 0.394924750633942 31.4583388690447
-1.30132876125161 2.4223873739504 0.41394845917046 33.0714786507839
-1.25132161737391 2.4880461438066 0.433830548982824 34.7673379927092
-1.20131447349621 2.55607454106532 0.454604345579957 36.5501586386016
-1.15130732961852 2.62651591918561 0.47630396692562 38.4243998429529
-1.10130018574082 2.69941094251624 0.498964292060966 40.3947495246112
-1.05129304186312 2.77479729334229 0.522620923069764 42.4661359923711
-1.00128589798543 2.85270937894477 0.54731013973469 44.6437402718345
-0.951278754107729 2.9331780416042 0.573068846183524 46.933009064377
-0.901271610230033 3.01623027478048 0.599934508771778 49.3396683706309
-0.851264466352336 3.10188894894825 0.627945084393784 51.8697378125621
-0.80125732247464 3.19017255082188 0.657138938357682 54.5295456899629
-0.751250178596942 3.28109493988693 0.687554750901884 57.3257448090208
-0.701243034719246 3.37466512632933 0.719231411372026 60.2653291225542
-0.651235890841549 3.4708870745177 0.752207899019316 63.3556512235366
-0.601228746963852 3.56975953624583 0.786523149324741 66.6044407356634
-0.551221603086155 3.67127591788341 0.822215904700553 70.0198236469626
-0.501214459208458 3.77542418545018 0.859324548372701 73.6103426348049
-0.451207315330762 3.88218681137387 0.897886920207968 77.3849784331529
-0.401200171453064 3.99154076638908 0.937940113220324 81.3531722954929
-0.351193027575368 4.1034575595551 0.979520249475763 85.5248496096336
-0.301185883697671 4.2179033288221 1.02266223411772 89.9104447234406
-0.251178739819975 4.33483898390064 1.0673994862603 94.520927043598
-0.201171595942277 4.45422040239984 1.11376364554915 99.3678284726794
-0.151164452064581 4.57599867927816 1.16178425327557 104.463272253154
-0.101157308186884 4.70012042869183 1.21148840705393 109.82000329047
-0.0511501643091874 4.82652813617435 1.26290038824296 115.451420031069
-0.00114302043149017 4.95516055797074 1.3160412615145 121.371607975057
0.0488641234462062 5.08595316306915 1.37092844625591 127.595374907356
0.0988712673239034 5.21883861224892 1.42757525984269 134.138287935467
0.148878411201601 5.35374726714566 1.48599043324244 141.01671242647
0.198885555079297 5.4906077211192 1.54617759991793 148.247852940664
0.248892698956994 5.62934734243647 1.6081347595915 155.849796264231
0.298899842834691 5.7698928191865 1.67185371912186 163.841556648539
0.348906986712388 5.91217069427463 1.73731951353105 172.243123369277
0.398914130590084 6.05610787796707 1.80450981110649 181.075510724332
0.448921274467781 6.20163212470604 1.87339430749205 190.360810595509
0.498928418345478 6.3486724604318 1.94393411476813 200.122247705524
0.548935562223175 6.49715954630459 2.01608115270031 210.384237708516
0.598942706100871 6.64702596472155 2.08977755059647 221.172448259342
0.648949849978568 6.7982064137464 2.16495506954022 232.513863214437
0.698956993856265 6.95063779661176 2.24153455614115 244.43685012479
0.748964137733962 7.10425919380175 2.31942544033504 256.97123118988
0.798971281611659 7.25901170641929 2.39852529114318 270.148357850017
0.848978425489356 7.41483816103994 2.47871944561972 284.001189203684
0.898985569367053 7.57168266810271 2.55988072742906 298.564374446009
0.948992713244749 7.72949002808332 2.64186927254417 313.874339534562
0.998999857122446 7.88820498222798 2.72453248037694 329.969378299262
1.04900700100014 8.04777130746381 2.80770510916859 346.889748224264
1.09901414487784 8.20813075830484 2.89120953460467 364.677771141415
1.14902128875554 8.36922186208389 2.97485619028879 383.377939087126
1.19902843263323 8.53097857764351 3.05844420782647 403.037025587437
1.24903557651093 8.69332883177654 3.14176227274681 423.704202649628
1.29904272038863 8.85619295214313 3.22458971024289 445.431163752993
1.34904986426632 9.01948202009817 3.30669781166476 468.272253146413
1.39905700814402 9.18309617192725 3.38785140879173 492.284601776127
1.44906415202172 9.34692288221917 3.46781069809916 517.528270183684
1.49907129589941 9.51083526866503 3.54633331150488 544.066398731517
1.54907843977711 9.67469046324498 3.62317662344931 571.96536553186
1.59908558365481 9.83832810058716 3.69810027669205 601.294952474048
1.6490927275325 10.0015689800466 3.77086890100577 632.128519765466
1.6990998714102 10.1642139636386 3.8412549901823 664.543189422706
1.7491070152879 10.326043177076 3.90904189366552 698.620038171911
1.79911415916559 10.4868155854303 3.97402686998567 734.444300240759
1.84912130304329 10.6462690179732 4.03602414035421 772.105580549359
1.89912844692099 10.8041207178471 4.09486787271355 811.69807883326
1.94913559079869 10.9600684907596 4.15041501970558 853.320825259191
1.99914273467638 11.1137925219389 4.20254792895114 897.077928122835
2.04914987855408 11.2649579213009 4.25117664126529 943.078834248211
2.09915702243178 11.4132180420907 4.2962407925062 991.438602739962
2.14916416630947 11.5582185973935 4.33771103816134 1042.27819277329
2.19917131018717 11.6996025710554 4.37558992691779 1095.72476614136
2.24917845406487 11.8370158845187 4.4099121606127 1151.91200531688
2.29918559794256 11.9701137390054 4.44074419319939 1210.98044782349
2.34919274182026 12.0985675045355 4.46818314054438 1273.07783775322
2.39919988569796 12.2220719754425 4.49235499556785 1338.35949530924
2.44920702957565 12.3403527594876 4.51341216872826 1406.98870529833
2.49921417345335 12.4531735187168 4.53153040109757 1479.13712554464
2.54922131733105 12.5603427401089 4.54690512494895 1554.98521624632
2.59922846120874 12.661719688623 4.55974737331649 1634.72269134904
2.64923560508644 12.7572191905145 4.5702793636577 1718.54899306524
2.69924274896414 12.8468149156238 4.57872989978301 1806.6737907261
2.74924989284183 12.9305408772866 4.58532974894303 1899.31750521396
2.79925703671953 13.0084909480972 4.59030715597676 1996.71186028682
2.84926418059723 13.080816296297 4.59388365274901 2099.10046217415
2.89927132447493 13.1477207744899 4.59627030834745 2206.73940889338
2.94927846835262 13.2094544294896 4.59766454397416 2319.89793081141
2.99928561223032 13.266305436517 4.59824760720797 2438.85906405322
3.04929275610801 13.3185908782769 4.5981827651218 2563.92035844187
3.09929989998571 13.3666468760654 4.59761423703307 2695.39462174074
3.14930704386341 13.410818624906 4.59666684829878 2833.61070205941
3.19931418774111 13.4514508812762 4.5954463495707 2978.91431038032
3.2493213316188 13.4888793996999 4.59404031418902 3131.66888526334
3.2993284754965 13.5234237187716 4.59251950234966 3292.25650189126
3.3493356193742 13.5553815692371 4.59093956602029 3461.07882772984
3.39934276325189 13.5850250318024 4.58934296404721 3638.5581271928
3.44934990712959 13.6125984271014 4.58776096219706 3825.13831782459
3.49935705100729 13.6383177910031 4.58621560673296 4021.28608064272
3.54936419488498 13.6623716881263 4.58472158044868 4227.49202741705
3.59937133876268 13.6849230531446 4.58328787427705 4444.27192780532
3.64937848264038 13.7061117257875 4.58191923289302 4672.16799941463
3.69938562651807 13.7260573582385 4.58061735659591 4911.75026401541
